  nRO2=        1201
           1           4
           2           7
           3          12
           4          14
           5          19
           6          24
           7          39
           8          41
           9          54
          10          55
          11          60
          12          63
          13          64
          14          65
          15          69
          16          73
          17          80
          18          81
          19          82
          20          83
          21          95
          22          99
          23         103
          24         104
          25         109
          26         113
          27         117
          28         126
          29         127
          30         128
          31         135
          32         140
          33         143
          34         150
          35         158
          36         159
          37         169
          38         170
          39         177
          40         181
          41         182
          42         189
          43         194
          44         198
          45         202
          46         206
          47         207
          48         208
          49         209
          50         211
          51         213
          52         215
          53         216
          54         217
          55         219
          56         221
          57         223
          58         225
          59         227
          60         229
          61         235
          62         237
          63         239
          64         240
          65         251
          66         255
          67         263
          68         269
          69         272
          70         275
          71         285
          72         286
          73         287
          74         288
          75         295
          76         301
          77         306
          78         310
          79         313
          80         318
          81         324
          82         335
          83         336
          84         337
          85         338
          86         351
          87         358
          88         360
          89         365
          90         369
          91         374
          92         375
          93         376
          94         377
          95         378
          96         388
          97         391
          98         395
          99         396
         100         402
         101         403
         102         409
         103         414
         104         418
         105         423
         106         432
         107         436
         108         441
         109         447
         110         452
         111         458
         112         461
         113         463
         114         465
         115         470
         116         475
         117         479
         118         484
         119         487
         120         493
         121         500
         122         504
         123         518
         124         520
         125         525
         126         527
         127         531
         128         556
         129         557
         130         558
         131         559
         132         560
         133         561
         134         575
         135         579
         136         583
         137         596
         138         605
         139         610
         140         616
         141         617
         142         662
         143         663
         144         664
         145         665
         146         666
         147         667
         148         668
         149         669
         150         670
         151         671
         152         672
         153         673
         154         674
         155         675
         156         676
         157         677
         158         678
         159         679
         160         680
         161         681
         162         682
         163         683
         164         684
         165         685
         166         686
         167         687
         168         688
         169         689
         170         690
         171         691
         172         692
         173         693
         174         694
         175         695
         176         696
         177         733
         178         736
         179         741
         180         747
         181         748
         182         754
         183         757
         184         765
         185         769
         186         776
         187         784
         188         785
         189         786
         190         787
         191         794
         192         798
         193         803
         194         807
         195         815
         196         820
         197         821
         198         826
         199         830
         200         840
         201         845
         202         855
         203         883
         204         884
         205         885
         206         886
         207         887
         208         888
         209         889
         210         890
         211         891
         212         892
         213         893
         214         894
         215         895
         216         896
         217         915
         218         921
         219         924
         220         931
         221         936
         222         941
         223         947
         224         953
         225         961
         226         964
         227         968
         228         969
         229         972
         230         979
         231         985
         232         986
         233        1002
         234        1003
         235        1004
         236        1005
         237        1006
         238        1007
         239        1008
         240        1019
         241        1028
         242        1029
         243        1035
         244        1041
         245        1046
         246        1052
         247        1057
         248        1061
         249        1068
         250        1069
         251        1070
         252        1081
         253        1082
         254        1083
         255        1094
         256        1101
         257        1104
         258        1106
         259        1111
         260        1117
         261        1120
         262        1123
         263        1128
         264        1129
         265        1133
         266        1136
         267        1140
         268        1145
         269        1151
         270        1157
         271        1163
         272        1170
         273        1171
         274        1172
         275        1173
         276        1174
         277        1175
         278        1185
         279        1186
         280        1187
         281        1194
         282        1195
         283        1201
         284        1206
         285        1211
         286        1215
         287        1249
         288        1252
         289        1257
         290        1262
         291        1267
         292        1272
         293        1277
         294        1282
         295        1299
         296        1305
         297        1313
         298        1314
         299        1315
         300        1323
         301        1327
         302        1331
         303        1340
         304        1346
         305        1351
         306        1356
         307        1360
         308        1363
         309        1366
         310        1370
         311        1374
         312        1378
         313        1383
         314        1384
         315        1396
         316        1402
         317        1406
         318        1411
         319        1415
         320        1417
         321        1418
         322        1420
         323        1422
         324        1424
         325        1425
         326        1427
         327        1430
         328        1434
         329        1437
         330        1439
         331        1445
         332        1449
         333        1450
         334        1455
         335        1461
         336        1466
         337        1469
         338        1471
         339        1475
         340        1478
         341        1482
         342        1487
         343        1492
         344        1497
         345        1501
         346        1506
         347        1510
         348        1514
         349        1520
         350        1525
         351        1530
         352        1535
         353        1539
         354        1552
         355        1557
         356        1561
         357        1570
         358        1576
         359        1579
         360        1584
         361        1589
         362        1590
         363        1606
         364        1609
         365        1614
         366        1619
         367        1624
         368        1629
         369        1633
         370        1636
         371        1650
         372        1657
         373        1660
         374        1678
         375        1681
         376        1688
         377        1692
         378        1699
         379        1704
         380        1709
         381        1743
         382        1744
         383        1745
         384        1746
         385        1747
         386        1748
         387        1749
         388        1750
         389        1766
         390        1773
         391        1778
         392        1784
         393        1788
         394        1795
         395        1800
         396        1805
         397        1809
         398        1817
         399        1825
         400        1826
         401        1833
         402        1840
         403        1847
         404        1853
         405        1857
         406        1882
         407        1891
         408        1899
         409        1903
         410        1904
         411        1913
         412        1917
         413        1922
         414        1927
         415        1933
         416        1936
         417        1942
         418        1945
         419        1949
         420        1966
         421        1967
         422        1968
         423        1969
         424        1970
         425        1989
         426        2084
         427        2085
         428        2087
         429        2088
         430        2089
         431        2090
         432        2091
         433        2092
         434        2093
         435        2094
         436        2095
         437        2096
         438        2097
         439        2098
         440        2099
         441        2100
         442        2101
         443        2102
         444        2103
         445        2104
         446        2106
         447        2107
         448        2108
         449        2109
         450        2110
         451        2111
         452        2112
         453        2113
         454        2114
         455        2115
         456        2116
         457        2117
         458        2119
         459        2120
         460        2121
         461        2122
         462        2123
         463        2124
         464        2125
         465        2126
         466        2127
         467        2129
         468        2130
         469        2131
         470        2132
         471        2133
         472        2134
         473        2135
         474        2136
         475        2137
         476        2138
         477        2139
         478        2140
         479        2141
         480        2142
         481        2143
         482        2144
         483        2146
         484        2147
         485        2148
         486        2149
         487        2150
         488        2151
         489        2152
         490        2153
         491        2154
         492        2155
         493        2156
         494        2158
         495        2159
         496        2160
         497        2161
         498        2162
         499        2163
         500        2164
         501        2256
         502        2263
         503        2269
         504        2278
         505        2279
         506        2285
         507        2296
         508        2297
         509        2304
         510        2309
         511        2312
         512        2316
         513        2320
         514        2341
         515        2342
         516        2343
         517        2344
         518        2345
         519        2346
         520        2347
         521        2361
         522        2365
         523        2368
         524        2370
         525        2375
         526        2379
         527        2383
         528        2401
         529        2402
         530        2403
         531        2404
         532        2405
         533        2406
         534        2414
         535        2416
         536        2417
         537        2422
         538        2426
         539        2436
         540        2439
         541        2442
         542        2445
         543        2448
         544        2454
         545        2455
         546        2456
         547        2477
         548        2485
         549        2496
         550        2504
         551        2505
         552        2513
         553        2517
         554        2525
         555        2530
         556        2538
         557        2541
         558        2557
         559        2558
         560        2559
         561        2560
         562        2586
         563        2587
         564        2588
         565        2589
         566        2590
         567        2591
         568        2592
         569        2593
         570        2594
         571        2595
         572        2596
         573        2597
         574        2598
         575        2614
         576        2620
         577        2626
         578        2630
         579        2640
         580        2646
         581        2647
         582        2648
         583        2655
         584        2660
         585        2665
         586        2679
         587        2693
         588        2694
         589        2695
         590        2696
         591        2697
         592        2698
         593        2699
         594        2713
         595        2720
         596        2726
         597        2733
         598        2735
         599        2745
         600        2750
         601        2758
         602        2763
         603        2768
         604        2773
         605        2780
         606        2784
         607        2788
         608        2793
         609        2798
         610        2803
         611        2808
         612        2818
         613        2827
         614        2828
         615        2835
         616        2841
         617        2845
         618        2852
         619        2865
         620        2866
         621        2867
         622        2868
         623        2869
         624        2879
         625        2884
         626        2890
         627        2898
         628        2903
         629        2909
         630        2918
         631        2943
         632        2944
         633        2945
         634        2946
         635        2948
         636        2949
         637        2950
         638        2951
         639        2952
         640        2953
         641        2954
         642        2955
         643        2956
         644        2958
         645        2959
         646        2960
         647        2987
         648        2992
         649        2998
         650        3003
         651        3008
         652        3014
         653        3022
         654        3023
         655        3031
         656        3036
         657        3037
         658        3050
         659        3055
         660        3058
         661        3065
         662        3068
         663        3071
         664        3072
         665        3076
         666        3080
         667        3083
         668        3087
         669        3090
         670        3093
         671        3097
         672        3098
         673        3102
         674        3115
         675        3121
         676        3125
         677        3133
         678        3145
         679        3146
         680        3147
         681        3148
         682        3149
         683        3159
         684        3163
         685        3168
         686        3175
         687        3180
         688        3185
         689        3193
         690        3197
         691        3201
         692        3202
         693        3208
         694        3212
         695        3218
         696        3228
         697        3235
         698        3236
         699        3242
         700        3246
         701        3252
         702        3266
         703        3269
         704        3275
         705        3298
         706        3299
         707        3300
         708        3301
         709        3302
         710        3303
         711        3304
         712        3305
         713        3307
         714        3308
         715        3309
         716        3310
         717        3327
         718        3328
         719        3332
         720        3336
         721        3342
         722        3346
         723        3347
         724        3355
         725        3360
         726        3369
         727        3376
         728        3380
         729        3385
         730        3389
         731        3395
         732        3402
         733        3407
         734        3415
         735        3416
         736        3417
         737        3418
         738        3419
         739        3431
         740        3436
         741        3442
         742        3447
         743        3451
         744        3455
         745        3459
         746        3464
         747        3465
         748        3471
         749        3476
         750        3483
         751        3488
         752        3492
         753        3496
         754        3500
         755        3507
         756        3508
         757        3509
         758        3518
         759        3522
         760        3524
         761        3529
         762        3530
         763        3538
         764        3545
         765        3552
         766        3557
         767        3570
         768        3571
         769        3572
         770        3581
         771        3587
         772        3591
         773        3598
         774        3607
         775        3612
         776        3617
         777        3624
         778        3625
         779        3626
         780        3635
         781        3640
         782        3645
         783        3649
         784        3654
         785        3664
         786        3674
         787        3677
         788        3686
         789        3688
         790        3692
         791        3700
         792        3704
         793        3711
         794        3713
         795        3718
         796        3721
         797        3724
         798        3732
         799        3736
         800        3748
         801        3752
         802        3755
         803        3760
         804        3764
         805        3771
         806        3776
         807        3780
         808        3784
         809        3791
         810        3797
         811        3802
         812        3815
         813        3816
         814        3817
         815        3818
         816        3819
         817        3829
         818        3838
         819        3842
         820        3847
         821        3853
         822        3856
         823        3862
         824        3866
         825        3875
         826        3887
         827        3888
         828        3894
         829        3895
         830        3901
         831        3908
         832        3909
         833        3919
         834        3920
         835        3925
         836        3926
         837        3934
         838        3935
         839        3940
         840        3941
         841        3946
         842        3952
         843        3958
         844        3959
         845        3964
         846        3969
         847        3976
         848        3980
         849        3984
         850        3991
         851        4012
         852        4017
         853        4021
         854        4051
         855        4054
         856        4060
         857        4062
         858        4110
         859        4111
         860        4115
         861        4119
         862        4151
         863        4157
         864        4162
         865        4163
         866        4168
         867        4175
         868        4180
         869        4184
         870        4188
         871        4237
         872        4284
         873        4285
         874        4286
         875        4287
         876        4288
         877        4305
         878        4306
         879        4307
         880        4308
         881        4309
         882        4310
         883        4311
         884        4312
         885        4321
         886        4322
         887        4323
         888        4324
         889        4325
         890        4336
         891        4352
         892        4353
         893        4358
         894        4366
         895        4373
         896        4376
         897        4380
         898        4386
         899        4387
         900        4389
         901        4391
         902        4394
         903        4397
         904        4398
         905        4399
         906        4401
         907        4405
         908        4407
         909        4409
         910        4416
         911        4418
         912        4423
         913        4424
         914        4425
         915        4426
         916        4427
         917        4429
         918        4431
         919        4434
         920        4439
         921        4444
         922        4449
         923        4451
         924        4452
         925        4457
         926        4459
         927        4461
         928        4463
         929        4464
         930        4465
         931        4469
         932        4471
         933        4473
         934        4477
         935        4480
         936        4482
         937        4484
         938        4485
         939        4487
         940        4489
         941        4491
         942        4492
         943        4498
         944        4510
         945        4511
         946        4512
         947        4522
         948        4525
         949        4539
         950        4541
         951        4543
         952        4545
         953        4549
         954        4556
         955        4558
         956        4560
         957        4570
         958        4574
         959        4580
         960        4582
         961        4587
         962        4588
         963        4589
         964        4594
         965        4597
         966        4599
         967        4601
         968        4606
         969        4610
         970        4613
         971        4615
         972        4616
         973        4619
         974        4620
         975        4653
         976        4654
         977        4655
         978        4656
         979        4657
         980        4702
         981        4706
         982        4715
         983        4716
         984        4721
         985        4725
         986        4731
         987        4820
         988        4822
         989        4825
         990        4832
         991        4837
         992        4839
         993        4842
         994        4849
         995        4871
         996        4876
         997        4892
         998        4893
         999        4894
        1000        4895
        1001        4918
        1002        4919
        1003        4920
        1004        4921
        1005        4922
        1006        4923
        1007        4947
        1008        4953
        1009        4957
        1010        4966
        1011        4971
        1012        4973
        1013        4979
        1014        4992
        1015        4997
        1016        5006
        1017        5007
        1018        5011
        1019        5029
        1020        5042
        1021        5048
        1022        5061
        1023        5075
        1024        5089
        1025        5096
        1026        5097
        1027        5104
        1028        5111
        1029        5125
        1030        5135
        1031        5141
        1032        5145
        1033        5158
        1034        5160
        1035        5161
        1036        5163
        1037        5164
        1038        5165
        1039        5166
        1040        5182
        1041        5183
        1042        5189
        1043        5196
        1044        5200
        1045        5205
        1046        5210
        1047        5231
        1048        5232
        1049        5238
        1050        5247
        1051        5255
        1052        5260
        1053        5271
        1054        5272
        1055        5275
        1056        5280
        1057        5284
        1058        5289
        1059        5296
        1060        5300
        1061        5306
        1062        5314
        1063        5320
        1064        5321
        1065        5322
        1066        5323
        1067        5333
        1068        5338
        1069        5339
        1070        5347
        1071        5353
        1072        5361
        1073        5365
        1074        5494
        1075        5630
        1076        5631
        1077        5633
        1078        5634
        1079        5635
        1080        5636
        1081        5637
        1082        5640
        1083        5641
        1084        5642
        1085        5643
        1086        5644
        1087        5645
        1088        5646
        1089        5647
        1090        5648
        1091        5649
        1092        5650
        1093        5651
        1094        5652
        1095        5653
        1096        5654
        1097        5655
        1098        5656
        1099        5657
        1100        5658
        1101        5659
        1102        5660
        1103        5661
        1104        5662
        1105        5663
        1106        5664
        1107        5665
        1108        5666
        1109        5667
        1110        5668
        1111        5669
        1112        5670
        1113        5671
        1114        5672
        1115        5673
        1116        5674
        1117        5675
        1118        5676
        1119        5677
        1120        5678
        1121        5679
        1122        5680
        1123        5681
        1124        5682
        1125        5683
        1126        5684
        1127        5685
        1128        5686
        1129        5687
        1130        5688
        1131        5689
        1132        5690
        1133        5691
        1134        5692
        1135        5693
        1136        5694
        1137        5695
        1138        5696
        1139        5697
        1140        5698
        1141        5699
        1142        5700
        1143        5701
        1144        5702
        1145        5703
        1146        5704
        1147        5705
        1148        5706
        1149        5707
        1150        5708
        1151        5709
        1152        5710
        1153        5711
        1154        5712
        1155        5713
        1156        5728
        1157        5729
        1158        5730
        1159        5739
        1160        5740
        1161        5748
        1162        5753
        1163        5760
        1164        5766
        1165        5767
        1166        5771
        1167        5789
        1168        5794
        1169        5800
        1170        5801
        1171        5802
        1172        5808
        1173        5817
        1174        5823
        1175        5826
        1176        5838
        1177        5839
        1178        5840
        1179        5841
        1180        5854
        1181        5855
        1182        5856
        1183        5857
        1184        5865
        1185        5866
        1186        5877
        1187        5878
        1188        5879
        1189        5880
        1190        5890
        1191        5894
        1192        5900
        1193        5904
        1194        5909
        1195        5916
        1196        5917
        1197        5928
        1198        5934
        1199        5939
        1200        5638
        1201        5639
  nRO2aq=        1597
           1        6021
           2        6023
           3        6030
           4        6031
           5        6035
           6        6038
           7        6043
           8        6044
           9        6045
          10        6048
          11        6049
          12        6050
          13        6051
          14        6052
          15        6058
          16        6062
          17        6064
          18        6069
          19        6073
          20        6077
          21        6080
          22        6082
          23        6087
          24        6088
          25        6089
          26        6090
          27        6091
          28        6092
          29        6093
          30        6094
          31        6101
          32        6105
          33        6107
          34        6111
          35        6115
          36        6117
          37        6119
          38        6120
          39        6121
          40        6122
          41        6123
          42        6133
          43        6137
          44        6139
          45        6141
          46        6145
          47        6149
          48        6156
          49        6165
          50        6168
          51        6169
          52        6172
          53        6175
          54        6178
          55        6179
          56        6182
          57        6185
          58        6188
          59        6190
          60        6196
          61        6199
          62        6201
          63        6202
          64        6206
          65        6209
          66        6211
          67        6215
          68        6218
          69        6221
          70        6222
          71        6225
          72        6227
          73        6230
          74        6231
          75        6234
          76        6237
          77        6240
          78        6242
          79        6245
          80        6248
          81        6251
          82        6253
          83        6258
          84        6264
          85        6266
          86        6267
          87        6271
          88        6274
          89        6277
          90        6279
          91        6284
          92        6287
          93        6290
          94        6292
          95        6299
          96        6303
          97        6306
          98        6308
          99        6313
         100        6314
         101        6315
         102        6316
         103        6325
         104        6330
         105        6332
         106        6339
         107        6340
         108        6341
         109        6342
         110        6343
         111        6344
         112        6345
         113        6346
         114        6347
         115        6348
         116        6349
         117        6350
         118        6351
         119        6352
         120        6353
         121        6354
         122        6355
         123        6356
         124        6357
         125        6358
         126        6359
         127        6360
         128        6361
         129        6362
         130        6363
         131        6364
         132        6365
         133        6389
         134        6392
         135        6394
         136        6398
         137        6401
         138        6404
         139        6407
         140        6409
         141        6414
         142        6415
         143        6416
         144        6417
         145        6418
         146        6419
         147        6420
         148        6428
         149        6431
         150        6433
         151        6437
         152        6440
         153        6442
         154        6443
         155        6444
         156        6453
         157        6456
         158        6458
         159        6462
         160        6465
         161        6468
         162        6471
         163        6474
         164        6475
         165        6479
         166        6482
         167        6483
         168        6486
         169        6495
         170        6496
         171        6497
         172        6498
         173        6499
         174        6505
         175        6506
         176        6507
         177        6508
         178        6509
         179        6510
         180        6511
         181        6512
         182        6513
         183        6514
         184        6515
         185        6516
         186        6517
         187        6518
         188        6519
         189        6520
         190        6521
         191        6522
         192        6523
         193        6524
         194        6525
         195        6526
         196        6527
         197        6528
         198        6529
         199        6530
         200        6531
         201        6532
         202        6533
         203        6534
         204        6535
         205        6587
         206        6589
         207        6591
         208        6595
         209        6598
         210        6605
         211        6608
         212        6609
         213        6610
         214        6611
         215        6612
         216        6618
         217        6620
         218        6622
         219        6626
         220        6629
         221        6631
         222        6632
         223        6633
         224        6634
         225        6635
         226        6642
         227        6645
         228        6647
         229        6652
         230        6658
         231        6662
         232        6674
         233        6675
         234        6684
         235        6686
         236        6688
         237        6736
         238        6738
         239        6757
         240        6759
         241        6760
         242        6762
         243        6764
         244        6768
         245        6772
         246        6775
         247        6778
         248        6779
         249        6781
         250        6783
         251        6787
         252        6789
         253        6790
         254        6791
         255        6792
         256        6793
         257        6794
         258        6795
         259        6803
         260        6806
         261        6807
         262        6809
         263        6811
         264        6815
         265        6818
         266        6820
         267        6821
         268        6822
         269        6827
         270        6830
         271        6831
         272        6835
         273        6837
         274        6838
         275        6839
         276        6848
         277        6851
         278        6852
         279        6857
         280        6861
         281        6871
         282        6874
         283        6875
         284        6878
         285        6881
         286        6884
         287        6885
         288        6888
         289        6891
         290        6893
         291        6894
         292        6897
         293        6900
         294        6903
         295        6904
         296        6907
         297        6909
         298        6912
         299        6913
         300        6916
         301        6918
         302        6920
         303        6921
         304        6924
         305        6928
         306        6931
         307        6932
         308        6934
         309        6936
         310        6940
         311        6944
         312        6949
         313        6952
         314        6953
         315        6955
         316        6957
         317        6961
         318        6963
         319        6964
         320        6965
         321        6966
         322        6967
         323        6968
         324        6976
         325        6979
         326        6980
         327        6982
         328        6984
         329        6988
         330        6991
         331        6993
         332        6994
         333        6998
         334        7001
         335        7002
         336        7006
         337        7008
         338        7016
         339        7019
         340        7020
         341        7023
         342        7026
         343        7028
         344        7029
         345        7030
         346        7031
         347        7032
         348        7033
         349        7034
         350        7035
         351        7036
         352        7037
         353        7038
         354        7039
         355        7040
         356        7041
         357        7042
         358        7043
         359        7044
         360        7072
         361        7075
         362        7076
         363        7078
         364        7080
         365        7084
         366        7088
         367        7094
         368        7097
         369        7098
         370        7100
         371        7102
         372        7106
         373        7108
         374        7109
         375        7110
         376        7111
         377        7112
         378        7113
         379        7114
         380        7115
         381        7124
         382        7127
         383        7128
         384        7130
         385        7132
         386        7136
         387        7139
         388        7142
         389        7143
         390        7144
         391        7149
         392        7152
         393        7153
         394        7157
         395        7159
         396        7160
         397        7161
         398        7162
         399        7171
         400        7173
         401        7174
         402        7179
         403        7182
         404        7185
         405        7188
         406        7189
         407        7192
         408        7194
         409        7197
         410        7198
         411        7201
         412        7203
         413        7205
         414        7206
         415        7209
         416        7211
         417        7212
         418        7213
         419        7214
         420        7215
         421        7216
         422        7217
         423        7225
         424        7228
         425        7229
         426        7234
         427        7237
         428        7240
         429        7241
         430        7245
         431        7246
         432        7247
         433        7248
         434        7252
         435        7255
         436        7256
         437        7260
         438        7262
         439        7263
         440        7264
         441        7270
         442        7272
         443        7273
         444        7274
         445        7275
         446        7276
         447        7277
         448        7278
         449        7279
         450        7280
         451        7281
         452        7282
         453        7283
         454        7284
         455        7285
         456        7286
         457        7287
         458        7323
         459        7325
         460        7326
         461        7330
         462        7333
         463        7334
         464        7337
         465        7340
         466        7344
         467        7347
         468        7348
         469        7352
         470        7353
         471        7354
         472        7355
         473        7360
         474        7363
         475        7364
         476        7367
         477        7369
         478        7371
         479        7372
         480        7373
         481        7379
         482        7381
         483        7382
         484        7385
         485        7387
         486        7392
         487        7398
         488        7412
         489        7414
         490        7415
         491        7419
         492        7421
         493        7423
         494        7424
         495        7428
         496        7429
         497        7431
         498        7433
         499        7434
         500        7438
         501        7442
         502        7444
         503        7446
         504        7448
         505        7449
         506        7453
         507        7455
         508        7457
         509        7458
         510        7462
         511        7464
         512        7466
         513        7467
         514        7471
         515        7475
         516        7477
         517        7478
         518        7479
         519        7484
         520        7486
         521        7487
         522        7491
         523        7493
         524        7495
         525        7496
         526        7500
         527        7501
         528        7503
         529        7505
         530        7506
         531        7510
         532        7515
         533        7524
         534        7527
         535        7528
         536        7530
         537        7532
         538        7536
         539        7539
         540        7542
         541        7544
         542        7545
         543        7547
         544        7549
         545        7553
         546        7555
         547        7556
         548        7557
         549        7558
         550        7559
         551        7560
         552        7561
         553        7568
         554        7570
         555        7571
         556        7573
         557        7575
         558        7579
         559        7582
         560        7584
         561        7585
         562        7588
         563        7591
         564        7592
         565        7596
         566        7598
         567        7606
         568        7608
         569        7609
         570        7614
         571        7617
         572        7624
         573        7627
         574        7628
         575        7631
         576        7634
         577        7636
         578        7637
         579        7640
         580        7642
         581        7645
         582        7646
         583        7649
         584        7651
         585        7653
         586        7654
         587        7657
         588        7660
         589        7663
         590        7664
         591        7666
         592        7668
         593        7672
         594        7675
         595        7679
         596        7682
         597        7683
         598        7685
         599        7687
         600        7691
         601        7693
         602        7694
         603        7695
         604        7696
         605        7697
         606        7698
         607        7699
         608        7706
         609        7708
         610        7709
         611        7711
         612        7713
         613        7717
         614        7720
         615        7722
         616        7723
         617        7726
         618        7729
         619        7730
         620        7734
         621        7736
         622        7743
         623        7745
         624        7746
         625        7749
         626        7752
         627        7754
         628        7755
         629        7756
         630        7757
         631        7758
         632        7759
         633        7760
         634        7761
         635        7762
         636        7763
         637        7764
         638        7765
         639        7766
         640        7767
         641        7768
         642        7769
         643        7770
         644        7771
         645        7772
         646        7773
         647        7774
         648        7775
         649        7796
         650        7799
         651        7800
         652        7802
         653        7804
         654        7808
         655        7811
         656        7816
         657        7819
         658        7820
         659        7822
         660        7824
         661        7828
         662        7830
         663        7831
         664        7832
         665        7833
         666        7834
         667        7835
         668        7836
         669        7843
         670        7846
         671        7847
         672        7849
         673        7851
         674        7855
         675        7858
         676        7861
         677        7862
         678        7865
         679        7868
         680        7869
         681        7873
         682        7875
         683        7876
         684        7877
         685        7885
         686        7887
         687        7888
         688        7893
         689        7896
         690        7898
         691        7901
         692        7902
         693        7905
         694        7907
         695        7909
         696        7910
         697        7913
         698        7915
         699        7916
         700        7917
         701        7918
         702        7919
         703        7925
         704        7927
         705        7928
         706        7932
         707        7935
         708        7937
         709        7938
         710        7942
         711        7943
         712        7944
         713        7947
         714        7949
         715        7950
         716        7954
         717        7956
         718        7957
         719        7962
         720        7964
         721        7965
         722        7966
         723        7967
         724        7968
         725        7969
         726        7970
         727        7971
         728        7972
         729        7973
         730        7974
         731        8003
         732        8005
         733        8006
         734        8009
         735        8011
         736        8014
         737        8017
         738        8018
         739        8022
         740        8023
         741        8024
         742        8027
         743        8030
         744        8031
         745        8034
         746        8036
         747        8038
         748        8039
         749        8043
         750        8045
         751        8046
         752        8049
         753        8052
         754        8056
         755        8066
         756        8068
         757        8069
         758        8070
         759        8072
         760        8075
         761        8077
         762        8078
         763        8080
         764        8081
         765        8082
         766        8084
         767        8086
         768        8088
         769        8089
         770        8090
         771        8092
         772        8093
         773        8094
         774        8095
         775        8097
         776        8099
         777        8101
         778        8104
         779        8106
         780        8108
         781        8109
         782        8113
         783        8118
         784        8120
         785        8121
         786        8123
         787        8125
         788        8127
         789        8129
         790        8131
         791        8132
         792        8135
         793        8137
         794        8139
         795        8140
         796        8143
         797        8145
         798        8147
         799        8148
         800        8149
         801        8151
         802        8154
         803        8156
         804        8158
         805        8160
         806        8161
         807        8162
         808        8164
         809        8167
         810        8169
         811        8170
         812        8172
         813        8174
         814        8175
         815        8176
         816        8178
         817        8180
         818        8182
         819        8184
         820        8186
         821        8187
         822        8191
         823        8196
         824        8198
         825        8200
         826        8201
         827        8202
         828        8203
         829        8205
         830        8207
         831        8208
         832        8209
         833        8211
         834        8214
         835        8216
         836        8217
         837        8219
         838        8220
         839        8221
         840        8223
         841        8227
         842        8228
         843        8229
         844        8231
         845        8232
         846        8233
         847        8234
         848        8236
         849        8239
         850        8241
         851        8244
         852        8246
         853        8248
         854        8249
         855        8253
         856        8255
         857        8259
         858        8261
         859        8262
         860        8264
         861        8266
         862        8268
         863        8272
         864        8274
         865        8276
         866        8277
         867        8280
         868        8282
         869        8284
         870        8285
         871        8288
         872        8289
         873        8291
         874        8293
         875        8294
         876        8297
         877        8299
         878        8303
         879        8305
         880        8308
         881        8309
         882        8312
         883        8314
         884        8315
         885        8318
         886        8320
         887        8321
         888        8324
         889        8326
         890        8327
         891        8328
         892        8330
         893        8331
         894        8334
         895        8336
         896        8338
         897        8341
         898        8343
         899        8344
         900        8347
         901        8349
         902        8352
         903        8357
         904        8360
         905        8362
         906        8363
         907        8367
         908        8369
         909        8371
         910        8372
         911        8376
         912        8377
         913        8379
         914        8381
         915        8382
         916        8386
         917        8390
         918        8392
         919        8394
         920        8396
         921        8397
         922        8401
         923        8403
         924        8405
         925        8406
         926        8410
         927        8412
         928        8414
         929        8415
         930        8419
         931        8423
         932        8425
         933        8426
         934        8427
         935        8428
         936        8429
         937        8434
         938        8436
         939        8437
         940        8441
         941        8443
         942        8445
         943        8446
         944        8450
         945        8451
         946        8453
         947        8455
         948        8456
         949        8460
         950        8465
         951        8467
         952        8468
         953        8469
         954        8480
         955        8483
         956        8484
         957        8487
         958        8489
         959        8493
         960        8497
         961        8502
         962        8505
         963        8506
         964        8508
         965        8510
         966        8514
         967        8516
         968        8517
         969        8518
         970        8519
         971        8520
         972        8521
         973        8522
         974        8523
         975        8533
         976        8536
         977        8537
         978        8539
         979        8541
         980        8545
         981        8549
         982        8551
         983        8552
         984        8553
         985        8554
         986        8560
         987        8563
         988        8565
         989        8569
         990        8571
         991        8572
         992        8583
         993        8586
         994        8587
         995        8590
         996        8593
         997        8597
         998        8601
         999        8604
        1000        8605
        1001        8608
        1002        8611
        1003        8614
        1004        8615
        1005        8618
        1006        8621
        1007        8624
        1008        8626
        1009        8629
        1010        8631
        1011        8633
        1012        8634
        1013        8637
        1014        8640
        1015        8643
        1016        8644
        1017        8647
        1018        8649
        1019        8652
        1020        8653
        1021        8656
        1022        8659
        1023        8662
        1024        8664
        1025        8667
        1026        8669
        1027        8671
        1028        8672
        1029        8675
        1030        8679
        1031        8682
        1032        8683
        1033        8686
        1034        8688
        1035        8692
        1036        8696
        1037        8701
        1038        8704
        1039        8705
        1040        8708
        1041        8710
        1042        8714
        1043        8716
        1044        8717
        1045        8718
        1046        8719
        1047        8729
        1048        8732
        1049        8733
        1050        8735
        1051        8737
        1052        8741
        1053        8745
        1054        8747
        1055        8750
        1056        8753
        1057        8755
        1058        8759
        1059        8761
        1060        8771
        1061        8774
        1062        8775
        1063        8778
        1064        8781
        1065        8783
        1066        8784
        1067        8785
        1068        8786
        1069        8787
        1070        8788
        1071        8789
        1072        8790
        1073        8791
        1074        8792
        1075        8793
        1076        8794
        1077        8795
        1078        8796
        1079        8797
        1080        8798
        1081        8799
        1082        8800
        1083        8801
        1084        8802
        1085        8803
        1086        8804
        1087        8805
        1088        8806
        1089        8807
        1090        8808
        1091        8809
        1092        8810
        1093        8811
        1094        8845
        1095        8848
        1096        8849
        1097        8852
        1098        8854
        1099        8858
        1100        8862
        1101        8867
        1102        8870
        1103        8871
        1104        8874
        1105        8876
        1106        8880
        1107        8882
        1108        8883
        1109        8884
        1110        8885
        1111        8886
        1112        8887
        1113        8888
        1114        8889
        1115        8890
        1116        8900
        1117        8903
        1118        8904
        1119        8907
        1120        8909
        1121        8913
        1122        8917
        1123        8919
        1124        8920
        1125        8921
        1126        8922
        1127        8928
        1128        8931
        1129        8933
        1130        8937
        1131        8939
        1132        8940
        1133        8941
        1134        8942
        1135        8943
        1136        8954
        1137        8957
        1138        8958
        1139        8961
        1140        8964
        1141        8968
        1142        8971
        1143        8974
        1144        8975
        1145        8978
        1146        8980
        1147        8983
        1148        8984
        1149        8987
        1150        8993
        1151        8994
        1152        8995
        1153        8996
        1154        8997
        1155        8998
        1156        8999
        1157        9000
        1158        9001
        1159        9002
        1160        9003
        1161        9016
        1162        9019
        1163        9020
        1164        9025
        1165        9029
        1166        9032
        1167        9033
        1168        9037
        1169        9038
        1170        9039
        1171        9040
        1172        9041
        1173        9047
        1174        9050
        1175        9051
        1176        9056
        1177        9058
        1178        9059
        1179        9060
        1180        9061
        1181        9068
        1182        9070
        1183        9071
        1184        9072
        1185        9073
        1186        9074
        1187        9075
        1188        9076
        1189        9077
        1190        9078
        1191        9079
        1192        9080
        1193        9081
        1194        9082
        1195        9083
        1196        9084
        1197        9085
        1198        9134
        1199        9137
        1200        9139
        1201        9142
        1202        9145
        1203        9148
        1204        9151
        1205        9153
        1206        9157
        1207        9158
        1208        9159
        1209        9160
        1210        9161
        1211        9167
        1212        9170
        1213        9172
        1214        9175
        1215        9178
        1216        9180
        1217        9181
        1218        9182
        1219        9183
        1220        9190
        1221        9193
        1222        9195
        1223        9198
        1224        9200
        1225        9203
        1226        9206
        1227        9208
        1228        9209
        1229        9213
        1230        9215
        1231        9217
        1232        9218
        1233        9222
        1234        9223
        1235        9225
        1236        9227
        1237        9228
        1238        9232
        1239        9236
        1240        9238
        1241        9240
        1242        9242
        1243        9243
        1244        9247
        1245        9249
        1246        9251
        1247        9252
        1248        9256
        1249        9258
        1250        9260
        1251        9261
        1252        9265
        1253        9269
        1254        9271
        1255        9272
        1256        9277
        1257        9279
        1258        9280
        1259        9284
        1260        9286
        1261        9288
        1262        9289
        1263        9293
        1264        9294
        1265        9296
        1266        9298
        1267        9299
        1268        9303
        1269        9307
        1270        9318
        1271        9321
        1272        9322
        1273        9325
        1274        9327
        1275        9332
        1276        9336
        1277        9340
        1278        9343
        1279        9344
        1280        9347
        1281        9349
        1282        9353
        1283        9355
        1284        9356
        1285        9357
        1286        9358
        1287        9359
        1288        9360
        1289        9361
        1290        9362
        1291        9363
        1292        9364
        1293        9375
        1294        9378
        1295        9379
        1296        9382
        1297        9384
        1298        9388
        1299        9392
        1300        9394
        1301        9395
        1302        9396
        1303        9397
        1304        9398
        1305        9405
        1306        9408
        1307        9410
        1308        9415
        1309        9417
        1310        9418
        1311        9419
        1312        9431
        1313        9434
        1314        9436
        1315        9439
        1316        9443
        1317        9447
        1318        9451
        1319        9454
        1320        9455
        1321        9458
        1322        9461
        1323        9464
        1324        9465
        1325        9468
        1326        9471
        1327        9474
        1328        9476
        1329        9479
        1330        9481
        1331        9483
        1332        9484
        1333        9487
        1334        9490
        1335        9493
        1336        9495
        1337        9499
        1338        9502
        1339        9505
        1340        9506
        1341        9509
        1342        9511
        1343        9514
        1344        9515
        1345        9518
        1346        9521
        1347        9524
        1348        9526
        1349        9529
        1350        9531
        1351        9533
        1352        9534
        1353        9537
        1354        9540
        1355        9543
        1356        9545
        1357        9549
        1358        9553
        1359        9556
        1360        9557
        1361        9560
        1362        9562
        1363        9567
        1364        9571
        1365        9576
        1366        9579
        1367        9580
        1368        9583
        1369        9585
        1370        9590
        1371        9592
        1372        9593
        1373        9594
        1374        9595
        1375        9596
        1376        9607
        1377        9610
        1378        9611
        1379        9614
        1380        9616
        1381        9620
        1382        9624
        1383        9626
        1384        9627
        1385        9628
        1386        9633
        1387        9636
        1388        9638
        1389        9643
        1390        9645
        1391        9658
        1392        9663
        1393        9665
        1394        9666
        1395        9667
        1396        9668
        1397        9669
        1398        9670
        1399        9671
        1400        9672
        1401        9673
        1402        9674
        1403        9675
        1404        9676
        1405        9677
        1406        9678
        1407        9679
        1408        9680
        1409        9681
        1410        9682
        1411        9683
        1412        9684
        1413        9685
        1414        9686
        1415        9687
        1416        9688
        1417        9689
        1418        9690
        1419        9691
        1420        9692
        1421        9693
        1422        9694
        1423        9695
        1424        9696
        1425        9697
        1426        9698
        1427        9699
        1428        9700
        1429        9701
        1430        9702
        1431        9703
        1432        9704
        1433        9743
        1434        9746
        1435        9747
        1436        9750
        1437        9752
        1438        9757
        1439        9761
        1440        9766
        1441        9769
        1442        9770
        1443        9773
        1444        9775
        1445        9781
        1446        9782
        1447        9783
        1448        9784
        1449        9785
        1450        9786
        1451        9787
        1452        9788
        1453        9789
        1454        9790
        1455        9801
        1456        9804
        1457        9805
        1458        9808
        1459        9810
        1460        9815
        1461        9819
        1462        9821
        1463        9822
        1464        9823
        1465        9824
        1466        9825
        1467        9832
        1468        9835
        1469        9837
        1470        9842
        1471        9844
        1472        9845
        1473        9846
        1474        9847
        1475        9848
        1476        9849
        1477        9861
        1478        9864
        1479        9866
        1480        9869
        1481        9873
        1482        9877
        1483        9880
        1484        9883
        1485        9884
        1486        9887
        1487        9889
        1488        9892
        1489        9893
        1490        9896
        1491        9905
        1492        9906
        1493        9907
        1494        9908
        1495        9909
        1496        9910
        1497        9911
        1498        9912
        1499        9913
        1500        9914
        1501        9915
        1502        9916
        1503        9917
        1504        9918
        1505        9919
        1506        9920
        1507        9921
        1508        9940
        1509        9943
        1510        9945
        1511        9950
        1512        9954
        1513        9957
        1514        9959
        1515        9963
        1516        9964
        1517        9965
        1518        9966
        1519        9967
        1520        9968
        1521        9975
        1522        9978
        1523        9980
        1524        9985
        1525        9987
        1526        9988
        1527        9989
        1528        9990
        1529        9991
        1530        9998
        1531       10000
        1532       10001
        1533       10002
        1534       10003
        1535       10004
        1536       10005
        1537       10006
        1538       10007
        1539       10008
        1540       10009
        1541       10010
        1542       10011
        1543       10012
        1544       10013
        1545       10014
        1546       10015
        1547       10016
        1548       10017
        1549       10018
        1550       10019
        1551       10020
        1552       10021
        1553       10022
        1554       10023
        1555       10024
        1556       10025
        1557       10026
        1558       10027
        1559       10028
        1560       10029
        1561       10030
        1562       10031
        1563       10032
        1564       10033
        1565       10089
        1566       10092
        1567       10097
        1568       10100
        1569       10102
        1570       10106
        1571       10109
        1572       10115
        1573       10118
        1574       10119
        1575       10120
        1576       10121
        1577       10122
        1578       10123
        1579       10128
        1580       10131
        1581       10133
        1582       10137
        1583       10140
        1584       10142
        1585       10143
        1586       10144
        1587       10145
        1588       10152
        1589       10155
        1590       10157
        1591       10161
        1592       10164
        1593       10167
        1594       10171
        1595       10189
        1596       10191
        1597       10192
