   4.9604939575834908E-002   100.20557212829590        9.9794849603739907E-003
  0.17941445714480195        31.998800277709961        3.1251171647725486E-002
  0.77098060327936291        28.013399124145508        3.5697203169395925E-002
   7.3414138439347237E-021   44.009950637817383        2.2722134097117309E-002
   1.7934452487317964E-020   18.015340089797974        5.5508249914543471E-002
   1.1534770117971256E-020   28.010550498962402        3.5700833514037619E-002
   1.6027028023936060E-019   2.0159399509429932       0.49604652139178623     
   1.8997367536041978E-020   17.007370114326477        5.8798038337369470E-002
   9.4986837680209890E-021   34.014740228652954        2.9399019168684735E-002
   9.7887572278361223E-021   33.006770253181458        3.0296814633161872E-002
   3.2054056047872120E-019   1.0079699754714966       0.99209304278357247     
   2.0194210912864831E-020   15.999400138854980        6.2502343295450971E-002
   1.0410854787059912E-020   31.034460425376892        3.2222245410211792E-002
   1.0760340487423642E-020   30.026490449905396        3.3303925467691502E-002
   1.1134105240410587E-020   29.018520474433899        3.4460750708535506E-002
   2.3033662271984147E-020   14.027090311050415        7.1290622490126049E-002
   2.1489455627457188E-020   15.035060286521912        6.6511206536128353E-002
   2.0139291368712443E-020   16.043030261993408        6.2332363878228214E-002
   1.1946045422212318E-020   27.046210646629333        3.6973756252417056E-002
   1.1516831135992074E-020   28.054180622100830        3.5645311245063024E-002
   1.1117389946714603E-020   29.062150597572327        3.4409015831179883E-002
   8.0642104523442656E-021   40.065330982208252        2.4959234717019271E-002
   7.8663086080239948E-021   41.073300957679749        2.4346716155839512E-002
   7.6778874239947153E-021   42.081270933151245        2.3763540830042017E-002
   7.4982815679795518E-021   43.089240908622742        2.3207649494699882E-002
   3.2570874080765974E-021   99.197602152824402        1.0080888834988110E-002
   2.4626838457283785E-021   131.19640243053436        7.6221602229487829E-003
   2.2101378421886444E-021   146.18783259391785        6.8405145781031650E-003
   3.2585206045666436E-021   99.153972029685974        1.0085324667584748E-002
