   18 
+2.00000e+005 +7.50000e+002 +1.50000e-002 +1.53846e-001 +1.77689e-001 +6.68465e-001 +1.00000e-020 +1.00000e-020 +1.00000e-020 +1.00000e-020 +1.00000e-020 +1.00000e-020 +1.00000e-020 +1.00000e-020 +1.00000e-020 +1.00000e-020 +1.00000e-020 +1.00000e-020 +1.00000e-020 +1.00000e-020 +1.00000e-020 +1.00000e-020 +1.00000e-020 +1.00000e-020 +1.00000e-020 +1.00000e-020 +1.00000e-020 +1.00000e-020 +1.00000e-020 +1.00000e-020 +1.00000e-020 +1.00000e-020  
+2.00000e+005 +7.50000e+002 +2.00000e-002 +8.33333e-002 +1.92496e-001 +7.24171e-001 +1.00000e-020 +1.00000e-020 +1.00000e-020 +1.00000e-020 +1.00000e-020 +1.00000e-020 +1.00000e-020 +1.00000e-020 +1.00000e-020 +1.00000e-020 +1.00000e-020 +1.00000e-020 +1.00000e-020 +1.00000e-020 +1.00000e-020 +1.00000e-020 +1.00000e-020 +1.00000e-020 +1.00000e-020 +1.00000e-020 +1.00000e-020 +1.00000e-020 +1.00000e-020 +1.00000e-020 +1.00000e-020 +1.00000e-020  
+2.00000e+005 +7.50000e+002 +2.00000e-002 +4.34783e-002 +2.00866e-001 +7.55656e-001 +1.00000e-020 +1.00000e-020 +1.00000e-020 +1.00000e-020 +1.00000e-020 +1.00000e-020 +1.00000e-020 +1.00000e-020 +1.00000e-020 +1.00000e-020 +1.00000e-020 +1.00000e-020 +1.00000e-020 +1.00000e-020 +1.00000e-020 +1.00000e-020 +1.00000e-020 +1.00000e-020 +1.00000e-020 +1.00000e-020 +1.00000e-020 +1.00000e-020 +1.00000e-020 +1.00000e-020 +1.00000e-020 +1.00000e-020  
+2.00000e+005 +1.00000e+003 +1.20000e-001 +1.53846e-001 +1.77689e-001 +6.68465e-001 +1.00000e-020 +1.00000e-020 +1.00000e-020 +1.00000e-020 +1.00000e-020 +1.00000e-020 +1.00000e-020 +1.00000e-020 +1.00000e-020 +1.00000e-020 +1.00000e-020 +1.00000e-020 +1.00000e-020 +1.00000e-020 +1.00000e-020 +1.00000e-020 +1.00000e-020 +1.00000e-020 +1.00000e-020 +1.00000e-020 +1.00000e-020 +1.00000e-020 +1.00000e-020 +1.00000e-020 +1.00000e-020 +1.00000e-020  
+2.00000e+005 +1.00000e+003 +1.20000e-001 +8.33333e-002 +1.92496e-001 +7.24171e-001 +1.00000e-020 +1.00000e-020 +1.00000e-020 +1.00000e-020 +1.00000e-020 +1.00000e-020 +1.00000e-020 +1.00000e-020 +1.00000e-020 +1.00000e-020 +1.00000e-020 +1.00000e-020 +1.00000e-020 +1.00000e-020 +1.00000e-020 +1.00000e-020 +1.00000e-020 +1.00000e-020 +1.00000e-020 +1.00000e-020 +1.00000e-020 +1.00000e-020 +1.00000e-020 +1.00000e-020 +1.00000e-020 +1.00000e-020  
+2.00000e+005 +1.00000e+003 +1.20000e-001 +4.34783e-002 +2.00866e-001 +7.55656e-001 +1.00000e-020 +1.00000e-020 +1.00000e-020 +1.00000e-020 +1.00000e-020 +1.00000e-020 +1.00000e-020 +1.00000e-020 +1.00000e-020 +1.00000e-020 +1.00000e-020 +1.00000e-020 +1.00000e-020 +1.00000e-020 +1.00000e-020 +1.00000e-020 +1.00000e-020 +1.00000e-020 +1.00000e-020 +1.00000e-020 +1.00000e-020 +1.00000e-020 +1.00000e-020 +1.00000e-020 +1.00000e-020 +1.00000e-020  
+2.00000e+005 +1.50000e+003 +5.00000e-003 +1.53846e-001 +1.77689e-001 +6.68465e-001 +1.00000e-020 +1.00000e-020 +1.00000e-020 +1.00000e-020 +1.00000e-020 +1.00000e-020 +1.00000e-020 +1.00000e-020 +1.00000e-020 +1.00000e-020 +1.00000e-020 +1.00000e-020 +1.00000e-020 +1.00000e-020 +1.00000e-020 +1.00000e-020 +1.00000e-020 +1.00000e-020 +1.00000e-020 +1.00000e-020 +1.00000e-020 +1.00000e-020 +1.00000e-020 +1.00000e-020 +1.00000e-020 +1.00000e-020  
+2.00000e+005 +1.50000e+003 +5.00000e-004 +8.33333e-002 +1.92496e-001 +7.24171e-001 +1.00000e-020 +1.00000e-020 +1.00000e-020 +1.00000e-020 +1.00000e-020 +1.00000e-020 +1.00000e-020 +1.00000e-020 +1.00000e-020 +1.00000e-020 +1.00000e-020 +1.00000e-020 +1.00000e-020 +1.00000e-020 +1.00000e-020 +1.00000e-020 +1.00000e-020 +1.00000e-020 +1.00000e-020 +1.00000e-020 +1.00000e-020 +1.00000e-020 +1.00000e-020 +1.00000e-020 +1.00000e-020 +1.00000e-020  
+2.00000e+005 +1.50000e+003 +5.00000e-004 +4.34783e-002 +2.00866e-001 +7.55656e-001 +1.00000e-020 +1.00000e-020 +1.00000e-020 +1.00000e-020 +1.00000e-020 +1.00000e-020 +1.00000e-020 +1.00000e-020 +1.00000e-020 +1.00000e-020 +1.00000e-020 +1.00000e-020 +1.00000e-020 +1.00000e-020 +1.00000e-020 +1.00000e-020 +1.00000e-020 +1.00000e-020 +1.00000e-020 +1.00000e-020 +1.00000e-020 +1.00000e-020 +1.00000e-020 +1.00000e-020 +1.00000e-020 +1.00000e-020  
+2.00000e+006 +7.50000e+002 +5.00000e-003 +1.53846e-001 +1.77689e-001 +6.68465e-001 +1.00000e-020 +1.00000e-020 +1.00000e-020 +1.00000e-020 +1.00000e-020 +1.00000e-020 +1.00000e-020 +1.00000e-020 +1.00000e-020 +1.00000e-020 +1.00000e-020 +1.00000e-020 +1.00000e-020 +1.00000e-020 +1.00000e-020 +1.00000e-020 +1.00000e-020 +1.00000e-020 +1.00000e-020 +1.00000e-020 +1.00000e-020 +1.00000e-020 +1.00000e-020 +1.00000e-020 +1.00000e-020 +1.00000e-020  
+2.00000e+006 +7.50000e+002 +5.00000e-003 +8.33333e-002 +1.92496e-001 +7.24171e-001 +1.00000e-020 +1.00000e-020 +1.00000e-020 +1.00000e-020 +1.00000e-020 +1.00000e-020 +1.00000e-020 +1.00000e-020 +1.00000e-020 +1.00000e-020 +1.00000e-020 +1.00000e-020 +1.00000e-020 +1.00000e-020 +1.00000e-020 +1.00000e-020 +1.00000e-020 +1.00000e-020 +1.00000e-020 +1.00000e-020 +1.00000e-020 +1.00000e-020 +1.00000e-020 +1.00000e-020 +1.00000e-020 +1.00000e-020  
+2.00000e+006 +7.50000e+002 +5.00000e-003 +4.34783e-002 +2.00866e-001 +7.55656e-001 +1.00000e-020 +1.00000e-020 +1.00000e-020 +1.00000e-020 +1.00000e-020 +1.00000e-020 +1.00000e-020 +1.00000e-020 +1.00000e-020 +1.00000e-020 +1.00000e-020 +1.00000e-020 +1.00000e-020 +1.00000e-020 +1.00000e-020 +1.00000e-020 +1.00000e-020 +1.00000e-020 +1.00000e-020 +1.00000e-020 +1.00000e-020 +1.00000e-020 +1.00000e-020 +1.00000e-020 +1.00000e-020 +1.00000e-020  
+2.00000e+006 +1.00000e+003 +8.00000e-003 +1.53846e-001 +1.77689e-001 +6.68465e-001 +1.00000e-020 +1.00000e-020 +1.00000e-020 +1.00000e-020 +1.00000e-020 +1.00000e-020 +1.00000e-020 +1.00000e-020 +1.00000e-020 +1.00000e-020 +1.00000e-020 +1.00000e-020 +1.00000e-020 +1.00000e-020 +1.00000e-020 +1.00000e-020 +1.00000e-020 +1.00000e-020 +1.00000e-020 +1.00000e-020 +1.00000e-020 +1.00000e-020 +1.00000e-020 +1.00000e-020 +1.00000e-020 +1.00000e-020  
+2.00000e+006 +1.00000e+003 +2.00000e-003 +8.33333e-002 +1.92496e-001 +7.24171e-001 +1.00000e-020 +1.00000e-020 +1.00000e-020 +1.00000e-020 +1.00000e-020 +1.00000e-020 +1.00000e-020 +1.00000e-020 +1.00000e-020 +1.00000e-020 +1.00000e-020 +1.00000e-020 +1.00000e-020 +1.00000e-020 +1.00000e-020 +1.00000e-020 +1.00000e-020 +1.00000e-020 +1.00000e-020 +1.00000e-020 +1.00000e-020 +1.00000e-020 +1.00000e-020 +1.00000e-020 +1.00000e-020 +1.00000e-020  
+2.00000e+006 +1.00000e+003 +8.00000e-003 +4.34783e-002 +2.00866e-001 +7.55656e-001 +1.00000e-020 +1.00000e-020 +1.00000e-020 +1.00000e-020 +1.00000e-020 +1.00000e-020 +1.00000e-020 +1.00000e-020 +1.00000e-020 +1.00000e-020 +1.00000e-020 +1.00000e-020 +1.00000e-020 +1.00000e-020 +1.00000e-020 +1.00000e-020 +1.00000e-020 +1.00000e-020 +1.00000e-020 +1.00000e-020 +1.00000e-020 +1.00000e-020 +1.00000e-020 +1.00000e-020 +1.00000e-020 +1.00000e-020  
+2.00000e+006 +1.50000e+003 +2.00000e-004 +1.53846e-001 +1.77689e-001 +6.68465e-001 +1.00000e-020 +1.00000e-020 +1.00000e-020 +1.00000e-020 +1.00000e-020 +1.00000e-020 +1.00000e-020 +1.00000e-020 +1.00000e-020 +1.00000e-020 +1.00000e-020 +1.00000e-020 +1.00000e-020 +1.00000e-020 +1.00000e-020 +1.00000e-020 +1.00000e-020 +1.00000e-020 +1.00000e-020 +1.00000e-020 +1.00000e-020 +1.00000e-020 +1.00000e-020 +1.00000e-020 +1.00000e-020 +1.00000e-020  
+2.00000e+006 +1.50000e+003 +5.00000e-005 +8.33333e-002 +1.92496e-001 +7.24171e-001 +1.00000e-020 +1.00000e-020 +1.00000e-020 +1.00000e-020 +1.00000e-020 +1.00000e-020 +1.00000e-020 +1.00000e-020 +1.00000e-020 +1.00000e-020 +1.00000e-020 +1.00000e-020 +1.00000e-020 +1.00000e-020 +1.00000e-020 +1.00000e-020 +1.00000e-020 +1.00000e-020 +1.00000e-020 +1.00000e-020 +1.00000e-020 +1.00000e-020 +1.00000e-020 +1.00000e-020 +1.00000e-020 +1.00000e-020  
+2.00000e+006 +1.50000e+003 +5.00000e-005 +4.34783e-002 +2.00866e-001 +7.55656e-001 +1.00000e-020 +1.00000e-020 +1.00000e-020 +1.00000e-020 +1.00000e-020 +1.00000e-020 +1.00000e-020 +1.00000e-020 +1.00000e-020 +1.00000e-020 +1.00000e-020 +1.00000e-020 +1.00000e-020 +1.00000e-020 +1.00000e-020 +1.00000e-020 +1.00000e-020 +1.00000e-020 +1.00000e-020 +1.00000e-020 +1.00000e-020 +1.00000e-020 +1.00000e-020 +1.00000e-020 +1.00000e-020 +1.00000e-020  
