#==========================================
   BEGIN_DATAGAS
#===  ONLY 120 Characters per Line
#------------------------------------------             
#  Name   MolMass   Alpha        Dg 
#         [g/mol]
#
ACO3      75.0    0.019         0.00001
ADDC     125.0    0.0           0.0
ADDT     109.0    0.0           0.0
ADDX     123.0    0.0           0.0
ALD       44.0    0.03          0.0000122
API      136.0    0.0           0.0
APIPX    185.0    0.0           0.0
BR2      160.0    0.08          0.00001
CH3OH     32.0    0.0271        0.0000116
CH4       16.0    5.0e-5        0.0000141
CL2       71.0    0.08          0.0000128
CO        28.0    0.0           0.0
CO2       44.0    1.5e-4        0.0000155
CSL      108.0    0.0           0.0
CSLPX    157.0    0.0           0.0
DCB       87.0    0.0           0.0
DIEN      54.0    0.0           0.0
ETE       28.0    1.0e-4        0.0000101
ETEPX     77.0    8.2e-3        0.0000082
ETH       30.0    1.0e-4        0.0000095
ETHPX     61.0    8.2e-3        0.0000108
ETOH      46.0    0.0176        0.0000095
GLY       58.0    0.023         0.0000115
H2         2.0    0.0           0.0
H2O2      34.0    0.1532        0.0000146
HC3       44.0    0.0           0.0
HC3PX     75.0    0.0           0.0
HC5       72.0    0.0           0.0
HC5PX    103.0    0.0           0.0
HC8      114.0    0.0           0.0
HC8PX    145.0    0.0           0.0
HCHO      30.0    0.02          0.0000164
HCL       36.0    0.1158        0.0000189
HKET      74.0    0.0           0.0
HNO3      63.0    0.0868        0.0000132
HNO4      79.0    0.1           0.0000130
HO        17.0    0.05          0.0000153
HO2       33.0    0.01          0.0000104
HONO      47.0    0.05          0.000013
ISO       68.0    0.0           0.0
ISOPX    117.0    0.0           0.0
KET       72.0    0.0           0.0
KETPX    103.0    0.0           0.0
LIMN     136.0    0.0           0.0
LIMPX    185.0    0.0           0.0
MACR      70.0    0.0           0.0
MGLY      72.0    0.0           0.0
MO2       47.0    6.7581e-3     0.0000135
N2O5     108.0    0.018         0.000011
NH3       17.0    0.091         0.000023
NO        30.0    0.001         0.0000224
NO2       46.0    1.5e-3        0.0000192
NO3       62.0    4.0e-3        0.00001
O1D       16.0    0.0           0.0
O3        48.0    0.1           0.0000148
O3PX      16.0    0.0           0.0
OLI       68.0    0.0           0.0
OLIPX    117.0    0.0           0.0
OLND     136.0    0.0           0.0
OLNN     136.0    0.0           0.0
OLT       42.0    0.0           0.0
OLTPX     91.0    0.0           0.0
ONIT     119.0    0.0           0.0
OP1       48.0    6.7581e-3     0.0000131
OP2       62.0    0.01          0.0000076
ORA1      46.0    2.29e-2       0.0000153
ORA2      60.0    3.22e-2       0.0000124
PAA       76.0    1.9e-2        0.0000102
PAN      121.0    0.019         0.0000063
PHO      107.0    0.0           0.0
SO2       64.0    0.11          0.0000128
SULF      98.0    0.12          0.000013
TCO3     115.0    0.0           0.0
TOL       92.0    0.0           0.0
TOLPX    141.0    0.0           0.0
TPAN     147.0    0.0           0.0
UDD      119.0    0.0           0.0
XO2        0.0    0.0           0.0
XYL      106.0    0.0           0.0
XYLPX    155.0    0.0           0.0 
[O2]      32.0    0.1           0.0000112 
[N2]      28.0    0.0           0.0
[H2O]     18.0    0.0           0.0    
   END_DATAGAS

#==========================================
   BEGIN_DATAQUA              
#===  ONLY 120 Characters per Line
#------------------------------------------
#  Name   MolMass   Charge    SolubInd 
#         [g/mol]
#
BR2m      160.0       -1        1.0
BROHm      97.0       -1        1.0
BRm        80.0       -1        1.0
CL2m       71.0       -1        1.0
CLOHm      52.0       -1        1.0
CLm        35.0       -1        1.0   
CO3m       60.0       -1        1.0
CO3mm      60.0       -2        1.0
C2O4mm     88.0       -2        1.0
CUp        64.0       +1        1.0
CUpp       64.0       +2        1.0   
FEOH2p     90.0       +1        1.0
FEOHpp     73.0       +2        1.0
FESO4p    152.0       +1        1.0
FEpp       56.0       +2        1.0
FEppp      56.0       +3        1.0    
HCO3m      61.0       -1        1.0
HCOOm      45.0       -1        1.0
HMSm      111.0       -1        1.0
HSO3m      81.0       -1        1.0
HSO4m      97.0       -1        1.0
HSO5m     113.0       -1        1.0
MCOOm      59.0       -1        1.0
MNpp       55.0       +2        1.0
MNppp      55.0       +3        1.0 
NH4p       18.0       +1        1.0   
NO2m       46.0       -1        1.0   
NO3m       62.0       -1        1.0      
NO4m       78.0       -1        1.0
O2m        32.0       -1        1.0
S2O8mm    192.0       -2        1.0
SO3m       80.0       -1        1.0
SO3mm      80.0       -2        1.0
SO4m       96.0       -1        1.0
SO4mm      96.0       -2        1.0   
SO5m      112.0       -1        1.0
Xm          1.0       -1        1.0
aACO3      75.0        0        1.0 
aALD       44.0        0        1.0
aBR        80.0        0        1.0   
aBR2      160.0        0        1.0       
aCH2OH2    48.0        0        1.0
aCH3CHOH2  62.0        0        1.0 
aCH3OH     32.0        0        1.0
aCH4       16.0        0        1.0
aCL        35.0        0        1.0
aCL2       71.0        0        1.0
aCO2       44.0        0        1.0 
aETE       28.0        0        1.0        
aETEPX     77.0        0        1.0        
aETH       30.0        0        1.0      
aETHPX     61.0        0        1.0 
aETOH      46.0        0        1.0
aH2O2      34.0        0        1.0
aHCHO      30.0        0        1.0
aHCL       36.0        0        1.0
aHNO3      63.0        0        1.0 
aHNO4      79.0        0        1.0
aHO        17.0        0        1.0
aHO2       33.0        0        1.0
aHOBR      97.0        0        1.0
aHOCL      52.0        0        1.0
aHONO      47.0        0        1.0
aMO2       47.0        0        1.0
aN2O5     108.0        0        1.0
aNH3       17.0        0        1.0
aNO        30.0        0        1.0
aNO2       46.0        0        1.0
aNO3       62.0        0        1.0
aO2        32.0        0        1.0
aO3        48.0        0        1.0
aOP1       48.0        0        1.0
aOP2       62.0        0        1.0
aORA1      46.0        0        1.0
aORA2      60.0        0        1.0
aPAA       76.0        0        1.0
aPAN      121.0        0        1.0
aSO2       64.0        0        1.0
aSULF      98.0        0        1.0
NAp        23.0       +1        1.0   
Kp         39.0       +1        1.0
CApp       40.0       +2        1.0
MGpp       24.0       +2        1.0   
ALppp      27.0       +3        1.0     
ZNpp       65.0       +2        1.0    
WSOCm     121.5       -1        1.0   
aWSOC     100.0        0        1.0   
sWISOC    250.0        0        0.0 
sEC        12.0        0        0.0              
sUNSOL     61.0        0        0.0   
OHm        17.0       -1        1.0       
Hp          1.0       +1        1.0
 END_DATAQUA                

